
   109117    0.390    0.000    0.390    0.000 :0(append)
        1    0.000    0.000   40.419   40.419 :0(exec)
   129410    0.552    0.000    0.552    0.000 :0(isinstance)
   106089    0.360    0.000    0.360    0.000 :0(pop)
      100    0.004    0.000    0.004    0.000 :0(print)
        1    0.022    0.022    0.022    0.022 :0(setprofile)
        1    0.000    0.000   40.419   40.419 <string>:1(<module>)
    29123    0.263    0.000    1.053    0.000 clc.py:136(Calculate)
     5844    0.107    0.000    0.182    0.000 clc.py:23(Pmod)
     5745    0.105    0.000    0.180    0.000 clc.py:7(Psum)
    11690    0.165    0.000    0.286    0.000 clc.py:93(Peq)
     5844    0.083    0.000    0.143    0.000 clc.py:97(Pne)
   283594    1.287    0.000    1.297    0.000 cst.py:23(Cpush0)
   283594    1.158    0.000    1.158    0.000 cst.py:33(Cpop0)
    10610    0.056    0.000    0.056    0.000 evl.py:22(Pcons)
    27603    0.107    0.000    0.107    0.000 evl.py:35(Ptail)
    27603    0.113    0.000    0.113    0.000 evl.py:38(Phead)
       41    0.001    0.000    0.001    0.000 mch.py:111(Ludefxec)
   124062    2.222    0.000    5.876    0.000 mch.py:117(Evalxec)
    72641    1.220    0.000    2.084    0.000 mch.py:127(Breakcxec)
      101    0.005    0.000    0.015    0.000 mch.py:136(Repeatxec)
        1   10.084   10.084   40.419   40.419 mch.py:16(Machinate)
      100    0.001    0.000    0.014    0.000 mch.py:167(Writelnxec)
   141797    1.581    0.000    2.739    0.000 mch.py:172(Breakxec)
        1    0.000    0.000    0.000    0.000 mch.py:193(Returnxec)
    16455    0.207    0.000    0.344    0.000 mch.py:217(Setspacexec)
    72641    0.562    0.000    1.386    0.000 mch.py:221(Savevarxec)
    72641    0.526    0.000    1.285    0.000 mch.py:225(Restorevarxec)
    72641    0.910    0.000    1.521    0.000 mch.py:229(Setvarxec)
    16455    0.129    0.000    0.316    0.000 mch.py:238(Savespacexec)
    16993    0.130    0.000    0.319    0.000 mch.py:242(Saveplacexec)
    16455    0.120    0.000    0.287    0.000 mch.py:246(Restorespacexec)
    16993    0.123    0.000    0.298    0.000 mch.py:250(Restoreplacexec)
     6284    0.025    0.000    0.025    0.000 mch.py:254(Incspacexec)
     6284    0.025    0.000    0.025    0.000 mch.py:258(Decspacexec)
     5405    0.021    0.000    0.021    0.000 mch.py:262(Inctimexec)
     5305    0.022    0.000    0.022    0.000 mch.py:266(Dectimexec)
    16993    0.439    0.000    0.976    0.000 mch.py:270(Selectxec)
    10610    0.189    0.000    0.333    0.000 mch.py:275(Pushplacexec)
    27603    0.567    0.000    1.036    0.000 mch.py:281(Popplacexec)
     5845    0.071    0.000    0.123    0.000 mch.py:287(Timexec)
    11150    0.132    0.000    0.233    0.000 mch.py:291(Spacexec)
    72641    0.842    0.000    1.238    0.000 mch.py:295(Waresearchxec)
    55648    0.583    0.000    0.797    0.000 mch.py:307(Waresavexec)
    29123    0.686    0.000    2.099    0.000 mch.py:346(Mcalc2)
   106089    0.819    0.000    1.199    0.000 mch.py:438(Opush)
   106089    0.741    0.000    1.101    0.000 mch.py:441(Opop)
   141596    1.723    0.000    3.019    0.000 mch.py:69(Mblockbegin)
    62031    0.456    0.000    0.713    0.000 mch.py:84(Vpop0xec)
    17534    0.360    0.000    0.947    0.000 mch.py:92(Ifxec)
      100    0.002    0.000    0.003    0.000 pio.py:140(Nums)
      100    0.001    0.000    0.012    0.000 pio.py:181(WriteItemln)
      100    0.002    0.000    0.007    0.000 pio.py:187(Items)
      100    0.001    0.000    0.002    0.000 pop.py:227(List1)
      100    0.001    0.000    0.003    0.000 pop.py:231(List2)
      100    0.001    0.000    0.005    0.000 pop.py:238(List3)
    16993    0.166    0.000    0.252    0.000 pop.py:264(El)
    17534    0.114    0.000    0.114    0.000 pop.py:291(EqualP)
   129410    1.127    0.000    1.679    0.000 pop.py:304(ListP)
    72641    0.306    0.000    0.306    0.000 pop.py:313(WordP)
      200    0.001    0.000    0.001    0.000 pop.py:317(NumP)
    67437    0.286    0.000    0.286    0.000 pop.py:325(NumVal)
   124103    0.528    0.000    0.528    0.000 pop.py:331(WordName)
    56287    0.258    0.000    0.258    0.000 pop.py:47(NumC)
    17534    0.067    0.000    0.067    0.000 pop.py:60(BoolC)
   129310    1.107    0.000    2.784    0.000 pop.py:76(EmptyP)
   146303    0.742    0.000    0.742    0.000 pop.py:81(Head)
   129310    0.641    0.000    0.641    0.000 pop.py:88(Tail)
      300    0.002    0.000    0.002    0.000 pop.py:95(Cons)
        1    0.000    0.000   40.441   40.441 profile:0(mch.Machinate(mprog))
        0    0.000             0.000          profile:0(profiler)
    90175    0.363    0.000    0.363    0.000 vst.py:11(Vpop)
   269885    1.050    0.000    1.050    0.000 vst.py:17(Vtop0)
   309658    1.374    0.000    1.374    0.000 vst.py:23(Vpush0)
   142579    0.607    0.000    0.607    0.000 vst.py:33(V1push0)
   254353    1.040    0.000    1.040    0.000 vst.py:43(Vpop0)
    90175    0.361    0.000    0.361    0.000 vst.py:6(Vtop)
